010010010000000000000000000000000000000000000000
000010010000011000100000100000000000000000000000
000011101100000000010000110110000000000000000000
000011000100000000010000110110000000000000000000
011010100000000000000000000000000000000000000000
000010010000011000100000100000100000000000000000
000011001100000000010000110110000010000000000000
000010111100000000010000110110000010000000000000
000110010100000000000000000000000000001000000100
000010010000011000100000100001000000000000000000
000000000000000000000000000000000000000000000000
000000000000000000000000000000000000000000000000
000010010000000100000100110000000000000000000000
000010010000011000001000100000000000000000000000
000010010000010000010000001010000010000000000000
000011100100000000010000000000000000000000000000
001010000000000000000000000000011100000000000000
001010001000000000000000000000011000000000000000
000100001100000110000000000000000000000000000000
000100001100000110000000000000000000000000000000
000010010000010110000101110000000000000000000000
000010010000010110000101001100000010000000000000
000010010000000100000100001000000010000000000000
000010000010000000100000000001100100000000000000
000010001010000000100000000001100000000000000000
001011001010000000000000000000010100000000000000
000000000000000000000000000000000000000000000000
000010010000011001000000000000000100000000000000
001011100010010010000001000000010100000000000000
001011101010000000000000000000010000000000000000
000010010000000101000010000000000100000000000000
000010010000011001000000000000000000000000000000
100000000000100000000000000000000000000000000000
001100001010000000000000000000010100000000000000
000000000000000000000000000000000000000000000000
000100000001000001000000000000000100000000000000
000101010000000000000000000000000000000100100000
000000000000000000000000000000000000000000000000
000000000000000000000000000000000000000101100000
000000000000000000000000000000000000000000000000
000000000000000000000000000000000000000000000000
000110001000010000100000000001100000000000010010
000101001010000000000000000000000001000000000000
000000000000000000000000000000000000000000000000
000000000000000000000000000000000000000000000000
000000000000000000000000000000000000000000000000
000000000000000000000000000000000000000000000000
000000000000000000000000000000000000000000000000
000110010100000000000000000000000000001000000100
000110000000000000100000000001100000000000000100
000110100010000000000000000000010100000000000000
000010010000000000000000000000000000001000001111
000110101000000001000000000000000100000010000000
000010010000000101000010000000000100000000000000
000111000000000000000000000000011100000000000000
000000000000000000000000000000000000000000000000
000110000010000000000000000000000000100000000000
000000000000000000000000000000000000000000000000
000110010100000000000000000000000010010000000000
000000000000000000000000000000000000000000000000
000110011000010000000000000000000000001000000000
000000000000000000000000000000000000000000000000
000000000000000000000000000000000000000000000000
000000000000000000000000000000000000000000000000

