0100100100000000000000000000000000000000000000000000000000
0000100100000110001000001000000000000000000000000000000000
0000111011000000000100001101010000000000000000000000110000
0000110001000000000100001101010000000000000000000000110000
0110101000000000000000000000000000000000000000000000000000
0000100100000110001000001000000100000000000000000000000000
0000110011000000000100001101010000010000000000000000110000
0000101111000000000100001101010000010000000000000000110000
0001100101000000000000000000000000000000100000110010000000
0000100100000110001000001000001000000000000000000000000000
0000000000000000000000000000000000000000000000000000000000
0000000000000000000000000000000000000000000000000000000000
0000100100000001000001001100000000000000000000000000000000
0000100100000110000010001000000000000000000000000000000000
0000100100000100000100000010010000010000000000000000000000
0000111001000000000100000000000000000000000000000000000000
0010100000000000000000000000000011100000000000000000000000
0010100010000000000000000000000011000000000000000000000000
0001000011000001100000000000000000000000000000000000110000
0001000011000001100000000000000000000000000000000000110000
0000100100000101100001011100000000000000000000000000000000
0000100100000101100001010011000000010000000000000000000000
0000100100000001000001000010000000010000000000000000000000
0000100000100000001000000000001100100000000000000000000000
0000100010100000001000000000001100000000000000000000000000
0010110010100000000000000000000010100000000000000000000000
0000000000000000000000000000000000000000000000000000000000
0000100100000110010000000000000000100000000000000000000000
0010111000100100100000010000000010100000000000000000000000
0010111010100000000000000000000010000000000000000000000000
0000100100000001010000100000000000100000000000000000000000
0000100100000110010000000000000000000000000000000000010000
1000000000001000000000000000000000000000000000000000000000
0011000010100000000000000000000010100000000000000000000000
0000000000000000000000000000000000000000000000000000000000
0001000000010000010000000000000000100000000000000000000000
0001010100000000000000000000000000001011000000000000000000
0000000000000000000000000000000000000000000000000000000000
0001010100000000000000000000000000001011000000000000000000
0000000000000000000000000000000000000000000000000000000000
0000000000000000000000000000000000000000000000000000000000
0001100010000100001000000000001100000000010010000000000000
0001010010100000000000000000000000100100000000000100000000
0000000000000000000000000000000000000000000000000000000000
0000000000000000000000000000000000000000000000000000000000
0001111010000000010000000000000000100000000000000000000010
0000000000000000000000000000000000000000000000000000000000
0000000000000000000000000000000000000000000000000000000000
0001100101000000000000000000000000000000100000010010000000
0001100000000000001000000000001100000000100000010000000000
0011101000100000000000000000000010100000000000000000000000
0000100100000000000000000000000000000000101000100010000000
0001100110000000010000000000000000000100000001000000000000
0001100000000001010000100000000000101000000000000000000000
0011110000000000000000000000000011100000000000000000000000
0000000000000000000000000000000000000000000000000000000000
0001100000100000000000000000000000100000000000000001000000
0000000000000000000000000000000000000000000000000000000000
0001100101000000000000000000000000010000000000001000000000
0001111001000000000100000000110000010000000000000000000000
0001011010100000000000000000000010100000000000000000000000
0001111100000000000000000000000000000000000000000000000011
0001111110000000000000000000000011100000000000000000000001
0001111111000000000100000000100000000000000000000000000000
